           1           5           1           5           1
           5           6           5           6           2
           5           6           5           9           3
           5           9           5           6           4
           5           9           5           9           5
           1           6           1           6           6
           1           6           1           9           7
           1           6           2           5           8
           1           9           1           6           9
           1           9           1           9          10
           1           9           2           5          11
           2           5           1           6          12
           2           5           1           9          13
           2           5           2           5          14
           1           2           1           2          15
           5           7           5           7          16
           5           7           5          10          17
           5           7           6           9          18
           5          10           5           7          19
           5          10           5          10          20
           5          10           6           9          21
           6           9           5           7          22
           6           9           5          10          23
           6           9           6           9          24
           1           7           1           7          25
           1           7           1          10          26
           1           7           2           6          27
           1           7           2           9          28
           1           7           3           5          29
           1          10           1           7          30
           1          10           1          10          31
           1          10           2           6          32
           1          10           2           9          33
           1          10           3           5          34
           2           6           1           7          35
           2           6           1          10          36
           2           6           2           6          37
           2           6           2           9          38
           2           6           3           5          39
           2           9           1           7          40
           2           9           1          10          41
           2           9           2           6          42
           2           9           2           9          43
           2           9           3           5          44
           3           5           1           7          45
           3           5           1          10          46
           3           5           2           6          47
           3           5           2           9          48
           3           5           3           5          49
           1           3           1           3          50
           5           8           5           8          51
           5           8           6           7          52
           5           8           6          10          53
           5           8           7           9          54
           5           8           9          10          55
           6           7           5           8          56
           6           7           6           7          57
           6           7           6          10          58
           6           7           7           9          59
           6           7           9          10          60
           6          10           5           8          61
           6          10           6           7          62
           6          10           6          10          63
           6          10           7           9          64
           6          10           9          10          65
           7           9           5           8          66
           7           9           6           7          67
           7           9           6          10          68
           7           9           7           9          69
           7           9           9          10          70
           9          10           5           8          71
           9          10           6           7          72
           9          10           6          10          73
           9          10           7           9          74
           9          10           9          10          75
           1           8           1           8          76
           1           8           2           7          77
           1           8           2          10          78
           1           8           3           6          79
           1           8           3           9          80
           1           8           4           5          81
           2           7           1           8          82
           2           7           2           7          83
           2           7           2          10          84
           2           7           3           6          85
           2           7           3           9          86
           2           7           4           5          87
           2          10           1           8          88
           2          10           2           7          89
           2          10           2          10          90
           2          10           3           6          91
           2          10           3           9          92
           2          10           4           5          93
           3           6           1           8          94
           3           6           2           7          95
           3           6           2          10          96
           3           6           3           6          97
           3           6           3           9          98
           3           6           4           5          99
           3           9           1           8         100
           3           9           2           7         101
           3           9           2          10         102
           3           9           3           6         103
           3           9           3           9         104
           3           9           4           5         105
           4           5           1           8         106
           4           5           2           7         107
           4           5           2          10         108
           4           5           3           6         109
           4           5           3           9         110
           4           5           4           5         111
           1           4           1           4         112
           1           4           2           3         113
           2           3           1           4         114
           2           3           2           3         115
           6           8           6           8         116
           6           8           7          10         117
           6           8           8           9         118
           7          10           6           8         119
           7          10           7          10         120
           7          10           8           9         121
           8           9           6           8         122
           8           9           7          10         123
           8           9           8           9         124
           2           8           2           8         125
           2           8           3           7         126
           2           8           3          10         127
           2           8           4           6         128
           2           8           4           9         129
           3           7           2           8         130
           3           7           3           7         131
           3           7           3          10         132
           3           7           4           6         133
           3           7           4           9         134
           3          10           2           8         135
           3          10           3           7         136
           3          10           3          10         137
           3          10           4           6         138
           3          10           4           9         139
           4           6           2           8         140
           4           6           3           7         141
           4           6           3          10         142
           4           6           4           6         143
           4           6           4           9         144
           4           9           2           8         145
           4           9           3           7         146
           4           9           3          10         147
           4           9           4           6         148
           4           9           4           9         149
           2           4           2           4         150
           7           8           7           8         151
           7           8           8          10         152
           8          10           7           8         153
           8          10           8          10         154
           3           8           3           8         155
           3           8           4           7         156
           3           8           4          10         157
           4           7           3           8         158
           4           7           4           7         159
           4           7           4          10         160
           4          10           3           8         161
           4          10           4           7         162
           4          10           4          10         163
           3           4           3           4         164
           4           8           4           8         165
