           5           6           5           6           1
           5           6           5           9           2
           5           6           6           5           3
           5           9           5           6           4
           5           9           5           9           5
           5           9           6           5           6
           6           5           5           6           7
           6           5           5           9           8
           6           5           6           5           9
           5           7           5           7          10
           5           7           5          10          11
           5           7           6           9          12
           5           7           7           5          13
           5          10           5           7          14
           5          10           5          10          15
           5          10           6           9          16
           5          10           7           5          17
           6           9           5           7          18
           6           9           5          10          19
           6           9           6           9          20
           6           9           7           5          21
           7           5           5           7          22
           7           5           5          10          23
           7           5           6           9          24
           7           5           7           5          25
           5           8           5           8          26
           5           8           6           7          27
           5           8           6          10          28
           5           8           7           6          29
           5           8           7           9          30
           5           8           8           5          31
           5           8           9          10          32
           5           8          10           9          33
           6           7           5           8          34
           6           7           6           7          35
           6           7           6          10          36
           6           7           7           6          37
           6           7           7           9          38
           6           7           8           5          39
           6           7           9          10          40
           6           7          10           9          41
           6          10           5           8          42
           6          10           6           7          43
           6          10           6          10          44
           6          10           7           6          45
           6          10           7           9          46
           6          10           8           5          47
           7           6           5           8          48
           7           6           6           7          49
           7           6           6          10          50
           7           6           7           6          51
           7           6           7           9          52
           7           6           8           5          53
           7           6           9          10          54
           7           6          10           9          55
           7           9           5           8          56
           7           9           6           7          57
           7           9           6          10          58
           7           9           7           6          59
           7           9           7           9          60
           7           9           8           5          61
           8           5           5           8          62
           8           5           6           7          63
           8           5           6          10          64
           8           5           7           6          65
           8           5           7           9          66
           8           5           8           5          67
           8           5           9          10          68
           8           5          10           9          69
           9          10           5           8          70
           9          10           6           7          71
           9          10           7           6          72
           9          10           8           5          73
           9          10           9          10          74
           9          10          10           9          75
          10           9           5           8          76
          10           9           6           7          77
          10           9           7           6          78
          10           9           8           5          79
          10           9           9          10          80
          10           9          10           9          81
           6           8           6           8          82
           6           8           7          10          83
           6           8           8           6          84
           6           8           8           9          85
           7          10           6           8          86
           7          10           7          10          87
           7          10           8           6          88
           7          10           8           9          89
           8           6           6           8          90
           8           6           7          10          91
           8           6           8           6          92
           8           6           8           9          93
           8           9           6           8          94
           8           9           7          10          95
           8           9           8           6          96
           8           9           8           9          97
           7           8           7           8          98
           7           8           8           7          99
           7           8           8          10         100
           8           7           7           8         101
           8           7           8           7         102
           8           7           8          10         103
           8          10           7           8         104
           8          10           8           7         105
           8          10           8          10         106
           1           5           1           5         107
           5           1           5           1         108
           1           6           1           6         109
           1           6           1           9         110
           1           6           2           5         111
           1           9           1           6         112
           1           9           1           9         113
           1           9           2           5         114
           2           5           1           6         115
           2           5           1           9         116
           2           5           2           5         117
           5           2           5           2         118
           5           2           6           1         119
           5           2           9           1         120
           6           1           5           2         121
           6           1           6           1         122
           6           1           9           1         123
           9           1           5           2         124
           9           1           6           1         125
           9           1           9           1         126
           1           7           1           7         127
           1           7           1          10         128
           1           7           2           6         129
           1           7           2           9         130
           1           7           3           5         131
           1          10           1           7         132
           1          10           1          10         133
           1          10           2           6         134
           1          10           2           9         135
           1          10           3           5         136
           2           6           1           7         137
           2           6           1          10         138
           2           6           2           6         139
           2           6           2           9         140
           2           6           3           5         141
           2           9           1           7         142
           2           9           1          10         143
           2           9           2           6         144
           2           9           2           9         145
           2           9           3           5         146
           3           5           1           7         147
           3           5           1          10         148
           3           5           2           6         149
           3           5           2           9         150
           3           5           3           5         151
           5           3           5           3         152
           5           3           6           2         153
           5           3           7           1         154
           5           3           9           2         155
           5           3          10           1         156
           6           2           5           3         157
           6           2           6           2         158
           6           2           7           1         159
           6           2           9           2         160
           6           2          10           1         161
           7           1           5           3         162
           7           1           6           2         163
           7           1           7           1         164
           7           1           9           2         165
           7           1          10           1         166
           9           2           5           3         167
           9           2           6           2         168
           9           2           7           1         169
           9           2           9           2         170
           9           2          10           1         171
          10           1           5           3         172
          10           1           6           2         173
          10           1           7           1         174
          10           1           9           2         175
          10           1          10           1         176
           1           8           1           8         177
           1           8           2           7         178
           1           8           2          10         179
           1           8           3           6         180
           1           8           3           9         181
           1           8           4           5         182
           2           7           1           8         183
           2           7           2           7         184
           2           7           2          10         185
           2           7           3           6         186
           2           7           3           9         187
           2           7           4           5         188
           2          10           1           8         189
           2          10           2           7         190
           2          10           2          10         191
           2          10           3           6         192
           2          10           3           9         193
           2          10           4           5         194
           3           6           1           8         195
           3           6           2           7         196
           3           6           2          10         197
           3           6           3           6         198
           3           6           3           9         199
           3           6           4           5         200
           3           9           1           8         201
           3           9           2           7         202
           3           9           2          10         203
           3           9           3           6         204
           3           9           3           9         205
           3           9           4           5         206
           4           5           1           8         207
           4           5           2           7         208
           4           5           2          10         209
           4           5           3           6         210
           4           5           3           9         211
           4           5           4           5         212
           5           4           5           4         213
           5           4           6           3         214
           5           4           7           2         215
           5           4           8           1         216
           5           4           9           3         217
           5           4          10           2         218
           6           3           5           4         219
           6           3           6           3         220
           6           3           7           2         221
           6           3           8           1         222
           6           3           9           3         223
           6           3          10           2         224
           7           2           5           4         225
           7           2           6           3         226
           7           2           7           2         227
           7           2           8           1         228
           7           2           9           3         229
           7           2          10           2         230
           8           1           5           4         231
           8           1           6           3         232
           8           1           7           2         233
           8           1           8           1         234
           8           1           9           3         235
           8           1          10           2         236
           9           3           5           4         237
           9           3           6           3         238
           9           3           7           2         239
           9           3           8           1         240
           9           3           9           3         241
           9           3          10           2         242
          10           2           5           4         243
          10           2           6           3         244
          10           2           7           2         245
          10           2           8           1         246
          10           2           9           3         247
          10           2          10           2         248
           2           8           2           8         249
           2           8           3           7         250
           2           8           3          10         251
           2           8           4           6         252
           2           8           4           9         253
           3           7           2           8         254
           3           7           3           7         255
           3           7           3          10         256
           3           7           4           6         257
           3           7           4           9         258
           3          10           2           8         259
           3          10           3           7         260
           3          10           3          10         261
           3          10           4           6         262
           3          10           4           9         263
           4           6           2           8         264
           4           6           3           7         265
           4           6           3          10         266
           4           6           4           6         267
           4           6           4           9         268
           4           9           2           8         269
           4           9           3           7         270
           4           9           3          10         271
           4           9           4           6         272
           4           9           4           9         273
           6           4           6           4         274
           6           4           7           3         275
           6           4           8           2         276
           6           4           9           4         277
           6           4          10           3         278
           7           3           6           4         279
           7           3           7           3         280
           7           3           8           2         281
           7           3           9           4         282
           7           3          10           3         283
           8           2           6           4         284
           8           2           7           3         285
           8           2           8           2         286
           8           2           9           4         287
           8           2          10           3         288
           9           4           6           4         289
           9           4           7           3         290
           9           4           8           2         291
           9           4           9           4         292
           9           4          10           3         293
          10           3           6           4         294
          10           3           7           3         295
          10           3           8           2         296
          10           3           9           4         297
          10           3          10           3         298
           3           8           3           8         299
           3           8           4           7         300
           3           8           4          10         301
           4           7           3           8         302
           4           7           4           7         303
           4           7           4          10         304
           4          10           3           8         305
           4          10           4           7         306
           4          10           4          10         307
           7           4           7           4         308
           7           4           8           3         309
           7           4          10           4         310
           8           3           7           4         311
           8           3           8           3         312
           8           3          10           4         313
          10           4           7           4         314
          10           4           8           3         315
          10           4          10           4         316
           4           8           4           8         317
           8           4           8           4         318
           1           2           1           2         319
           1           2           2           1         320
           2           1           1           2         321
           2           1           2           1         322
           1           3           1           3         323
           1           3           3           1         324
           3           1           1           3         325
           3           1           3           1         326
           1           4           1           4         327
           1           4           2           3         328
           1           4           3           2         329
           1           4           4           1         330
           2           3           1           4         331
           2           3           2           3         332
           2           3           3           2         333
           2           3           4           1         334
           3           2           1           4         335
           3           2           2           3         336
           3           2           3           2         337
           3           2           4           1         338
           4           1           1           4         339
           4           1           2           3         340
           4           1           3           2         341
           4           1           4           1         342
           2           4           2           4         343
           2           4           4           2         344
           4           2           2           4         345
           4           2           4           2         346
           3           4           3           4         347
           3           4           4           3         348
           4           3           3           4         349
           4           3           4           3         350
