           1           1           1           1 -0.94959999999999989     
           1           1           2           2  -1.5512499999999998     
           1           1           3           3 -0.50749999999999984     
           2           2           1           1  -1.5512499999999998     
           2           2           2           2  -1.2798999999999998     
           2           2           3           3 -0.78009999999999990     
           3           3           1           1 -0.50749999999999984     
           3           3           2           2 -0.78009999999999990     
           3           3           3           3 -0.84564999999999990     
           1           2           1           2  0.65559999999999996     
           1           2           1           3  -4.5600000000000002E-002
           1           3           1           2  -4.5600000000000002E-002
           1           3           1           3  0.51580000000000004     
           1           1           1           1  -4.8700000000000000E-002
           1           1           1           2  0.35581613229307069     
           1           1           1           3  0.24706310934657968     
           1           1           2           2 -0.60934999999999984     
           1           1           2           3 -0.22436498167049154     
           1           2           1           1  0.35581613229307069     
           1           2           1           2 -0.15450000000000000     
           1           2           1           3 -0.37130000000000002     
           1           2           2           2  0.15110871913956520     
           1           2           2           3  0.31469999999999998     
           1           3           1           1  0.24706310934657968     
           1           3           1           2 -0.37130000000000002     
           1           3           1           3 -0.30340000000000000     
           1           3           2           2  0.62692087219999304     
           1           3           2           3   1.6131000000000000     
           2           2           1           1 -0.60934999999999984     
           2           2           1           2  0.15110871913956520     
           2           2           1           3  0.62692087219999304     
           2           2           2           2 -0.50034999999999996     
           2           2           2           3 -0.65881138803150630     
           2           3           1           1 -0.22436498167049154     
           2           3           1           2  0.31469999999999998     
           2           3           1           3   1.6131000000000000     
           2           3           2           2 -0.65881138803150630     
           2           3           2           3 -0.94050000000000000     
           1           2           1           2  0.76729999999999998     
           1           2           2           3 -0.55249999999999999     
           2           3           1           2 -0.55249999999999999     
           2           3           2           3  0.68410000000000004     
           1           2           1           2  -1.4447000000000001     
           1           2           2           2  0.94391684220592220     
           2           2           1           2  0.94391684220592220     
           2           2           2           2 -0.10344999999999999     
           1           4           1           4  -1.8992000000000000     
           1           4           2           5  -3.1025000000000000     
           1           4           3           6  -1.0149999999999999     
           2           5           1           4  -3.1025000000000000     
           2           5           2           5  -2.5598000000000001     
           2           5           3           6  -1.5602000000000000     
           3           6           1           4  -1.0149999999999999     
           3           6           2           5  -1.5602000000000000     
           3           6           3           6  -1.6913000000000000     
           1           4           1           4  -1.6581999999999999     
           1           4           1           5 -0.13590592000000001     
           1           4           1           6 -0.60054578999999997     
           1           4           2           4  0.13590592000000001     
           1           4           2           5   1.6647000000000001     
           1           4           3           4  0.60054578999999997     
           1           4           3           6  0.15740000000000001     
           1           5           1           4 -0.13590592000000001     
           1           5           1           5  -2.6771500000000001     
           1           5           1           6 -0.83435000000000004     
           1           5           2           4   3.3327499999999999     
           1           5           2           5  -2.4739545000000001     
           1           5           3           4  0.78874999999999995     
           1           5           3           6  -1.4301941800000000     
           1           6           1           4 -0.60054578999999997     
           1           6           1           5 -0.83435000000000004     
           1           6           1           6  -1.7650999999999999     
           1           6           2           4  0.78874999999999995     
           1           6           2           5   1.9233299999999998E-002
           1           6           3           4   2.2808999999999999     
           1           6           3           6 -0.65060894999999996     
           2           4           1           4  0.13590592000000001     
           2           4           1           5   3.3327499999999999     
           2           4           1           6  0.78874999999999995     
           2           4           2           4  -2.6771500000000001     
           2           4           2           5   2.4739545000000001     
           2           4           3           4 -0.83435000000000004     
           2           4           3           6   1.4301941800000000     
           2           5           1           4   1.6647000000000001     
           2           5           1           5  -2.4739545000000001     
           2           5           1           6   1.9233299999999998E-002
           2           5           2           4   2.4739545000000001     
           2           5           2           5  -1.3795999999999999     
           2           5           3           4  -1.9233299999999998E-002
           2           5           3           6 -0.53439999999999999     
           3           4           1           4  0.60054578999999997     
           3           4           1           5  0.78874999999999995     
           3           4           1           6   2.2808999999999999     
           3           4           2           4 -0.83435000000000004     
           3           4           2           5  -1.9233299999999998E-002
           3           4           3           4  -1.7650999999999999     
           3           4           3           6  0.65060894999999996     
           3           6           1           4  0.15740000000000001     
           3           6           1           5  -1.4301941800000000     
           3           6           1           6 -0.65060894999999996     
           3           6           2           4   1.4301941800000000     
           3           6           2           5 -0.53439999999999999     
           3           6           3           4  0.65060894999999996     
           3           6           3           6  -3.7092999999999998     
           1           4           1           4  -9.7400000000000000E-002
           1           4           1           5  0.35581613000000001     
           1           4           1           6  0.24706311000000000     
           1           4           2           4 -0.35581613000000001     
           1           4           2           5  -1.2186999999999999     
           1           4           2           6 -0.22436497999999999     
           1           4           3           4 -0.24706311000000000     
           1           4           3           5 -0.22436497999999999     
           1           5           1           4  0.35581613000000001     
           1           5           1           5  -2.1831000000000000     
           1           5           1           6 -0.40710000000000002     
           1           5           2           4  -2.0286000000000000     
           1           5           2           5  0.15110872000000000     
           1           5           2           6 -0.16585000000000000     
           1           5           3           4  -3.5799999999999998E-002
           1           5           3           5  0.48054999999999998     
           1           6           1           4  0.24706311000000000     
           1           6           1           5 -0.40710000000000002     
           1           6           1           6  -1.0769000000000000     
           1           6           2           4  -3.5799999999999998E-002
           1           6           2           5  0.62692086999999996     
           1           6           2           6 -0.44895000000000002     
           1           6           3           4 -0.77349999999999997     
           1           6           3           5   2.0620500000000002     
           2           4           1           4 -0.35581613000000001     
           2           4           1           5  -2.0286000000000000     
           2           4           1           6  -3.5799999999999998E-002
           2           4           2           4  -2.1831000000000000     
           2           4           2           5 -0.15110872000000000     
           2           4           2           6 -0.48054999999999998     
           2           4           3           4 -0.40710000000000002     
           2           4           3           5  0.16585000000000000     
           2           5           1           4  -1.2186999999999999     
           2           5           1           5  0.15110872000000000     
           2           5           1           6  0.62692086999999996     
           2           5           2           4 -0.15110872000000000     
           2           5           2           5  -1.0006999999999999     
           2           5           2           6 -0.65881139000000000     
           2           5           3           4 -0.62692086999999996     
           2           5           3           5 -0.65881139000000000     
           2           6           1           4 -0.22436497999999999     
           2           6           1           5 -0.16585000000000000     
           2           6           1           6 -0.44895000000000002     
           2           6           2           4 -0.48054999999999998     
           2           6           2           5 -0.65881139000000000     
           2           6           2           6 -0.62795000000000001     
           2           6           3           4  -2.0620500000000002     
           2           6           3           5 -0.31254999999999999     
           3           4           1           4 -0.24706311000000000     
           3           4           1           5  -3.5799999999999998E-002
           3           4           1           6 -0.77349999999999997     
           3           4           2           4 -0.40710000000000002     
           3           4           2           5 -0.62692086999999996     
           3           4           2           6  -2.0620500000000002     
           3           4           3           4  -1.0769000000000000     
           3           4           3           5  0.44895000000000002     
           3           5           1           4 -0.22436497999999999     
           3           5           1           5  0.48054999999999998     
           3           5           1           6   2.0620500000000002     
           3           5           2           4  0.16585000000000000     
           3           5           2           5 -0.65881139000000000     
           3           5           2           6 -0.31254999999999999     
           3           5           3           4  0.44895000000000002     
           3           5           3           5 -0.62795000000000001     
           1           4           1           4  -2.9660000000000002     
           1           4           1           5  -1.0111627000000001     
           1           4           2           4   1.0111627000000001     
           1           4           2           5   1.1792000000000000     
           1           4           2           6   6.8447939999999999E-002
           1           4           3           5   6.8447939999999999E-002
           1           5           1           4  -1.0111627000000001     
           1           5           1           5 -0.22255000000000000     
           1           5           2           4  0.98985000000000001     
           1           5           2           5  -1.6335580900000000     
           1           5           2           6 -0.90254999999999996     
           1           5           3           5 -0.35004999999999997     
           2           4           1           4   1.0111627000000001     
           2           4           1           5  0.98985000000000001     
           2           4           2           4 -0.22255000000000000     
           2           4           2           5   1.6335580900000000     
           2           4           2           6  0.35004999999999997     
           2           4           3           5  0.90254999999999996     
           2           5           1           4   1.1792000000000000     
           2           5           1           5  -1.6335580900000000     
           2           5           2           4   1.6335580900000000     
           2           5           2           5  -1.6651000000000000     
           2           5           2           6 -0.86033682000000000     
           2           5           3           5 -0.86033682000000000     
           2           6           1           4   6.8447939999999999E-002
           2           6           1           5 -0.90254999999999996     
           2           6           2           4  0.35004999999999997     
           2           6           2           5 -0.86033682000000000     
           2           6           2           6  -1.7491000000000001     
           2           6           3           5  -2.4331999999999998     
           3           5           1           4   6.8447939999999999E-002
           3           5           1           5 -0.35004999999999997     
           3           5           2           4  0.90254999999999996     
           3           5           2           5 -0.86033682000000000     
           3           5           2           6  -2.4331999999999998     
           3           5           3           5  -1.7491000000000001     
           1           5           1           5  -3.0318000000000001     
           1           5           2           4  -1.5871000000000000     
           1           5           2           5  0.94391683999999998     
           2           4           1           5  -1.5871000000000000     
           2           4           2           4  -3.0318000000000001     
           2           4           2           5 -0.94391683999999998     
           2           5           1           5  0.94391683999999998     
           2           5           2           4 -0.94391683999999998     
           2           5           2           5 -0.20690000000000000     
           2           5           2           5  -4.3205000000000000     
           4           4           4           4 -0.94959999999999989     
           4           4           5           5  -1.5512499999999998     
           4           4           6           6 -0.50749999999999984     
           5           5           4           4  -1.5512499999999998     
           5           5           5           5  -1.2798999999999998     
           5           5           6           6 -0.78009999999999990     
           6           6           4           4 -0.50749999999999984     
           6           6           5           5 -0.78009999999999990     
           6           6           6           6 -0.84564999999999990     
           4           5           4           5  0.65559999999999996     
           4           5           4           6  -4.5600000000000002E-002
           4           6           4           5  -4.5600000000000002E-002
           4           6           4           6  0.51580000000000004     
           4           4           4           4  -4.8700000000000000E-002
           4           4           4           5  0.35581613229307069     
           4           4           4           6  0.24706310934657968     
           4           4           5           5 -0.60934999999999984     
           4           4           5           6 -0.22436498167049154     
           4           5           4           4  0.35581613229307069     
           4           5           4           5 -0.15450000000000000     
           4           5           4           6 -0.37130000000000002     
           4           5           5           5  0.15110871913956520     
           4           5           5           6  0.31469999999999998     
           4           6           4           4  0.24706310934657968     
           4           6           4           5 -0.37130000000000002     
           4           6           4           6 -0.30340000000000000     
           4           6           5           5  0.62692087219999304     
           4           6           5           6   1.6131000000000000     
           5           5           4           4 -0.60934999999999984     
           5           5           4           5  0.15110871913956520     
           5           5           4           6  0.62692087219999304     
           5           5           5           5 -0.50034999999999996     
           5           5           5           6 -0.65881138803150630     
           5           6           4           4 -0.22436498167049154     
           5           6           4           5  0.31469999999999998     
           5           6           4           6   1.6131000000000000     
           5           6           5           5 -0.65881138803150630     
           5           6           5           6 -0.94050000000000000     
           4           5           4           5  0.76729999999999998     
           4           5           5           6 -0.55249999999999999     
           5           6           4           5 -0.55249999999999999     
           5           6           5           6  0.68410000000000004     
           4           5           4           5  -1.4447000000000001     
           4           5           5           5  0.94391684220592220     
           5           5           4           5  0.94391684220592220     
           5           5           5           5 -0.10344999999999999     
